N1 <- 20
N2 <- 20
x1 <- c(30.86,29.75,31.55,32.29,29.90,31.71,31.35,29.03,30.37,31.55,
        29.26,32.29,29.90,30.18,30.72,32.28,30.72,29.90,31.55,31.55)
x2 <- c(31.36,33.34,33.16,31.36,36.19,29.80,31.11,35.23,31.36,31.27,
        31.63,31.63,32.00,31.11,31.63,31.36,31.81,31.63,29.21,33.37)
