Ny <- 500
y <- structure(.Data=c(92.778,102.030,90.763,100.021,106.896,101.377,74.895,76.563,75.780,92.271,97.853,106.666,59.926,68.232,106.856,87.168,106.283,60.679,74.210,89.044,92.398,87.633,76.967,102.021,121.985,100.569,76.990,121.940,94.375,79.749,86.290,71.310,86.656,76.314,78.337,87.572,86.835,88.984,83.555,78.106,99.594,99.716,80.663,95.969,99.625,112.031,97.966,108.223,112.760,93.259,113.050,69.623,100.746,76.253,101.025,106.245,103.151,100.201,93.938,69.489,112.689,111.177,89.165,99.260,103.050,94.149,93.719,103.505,98.537,87.032,53.840,75.218,80.128,82.080,106.190,82.379,107.896,102.991,114.977,88.441,118.362,64.408,94.629,88.054,106.395,95.910,109.559,107.448,85.205,106.310,68.454,78.671,99.460,90.085,89.524,81.598,104.488,115.524,109.301,82.478,89.078,103.690,94.710,64.879,82.871,72.201,80.694,73.904,85.503,71.085,103.085,110.463,96.748,92.722,77.958,120.259,97.553,87.382,105.924,78.393,86.604,69.770,70.804,88.473,83.499,101.278,88.485,78.401,98.552,83.416,104.557,65.192,80.918,107.144,99.396,87.640,103.712,103.082,77.840,85.153,75.668,79.775,78.551,90.625,78.581,70.315,83.341,87.583,103.680,97.940,100.827,92.793,77.938,108.754,113.234,80.397,91.404,103.457,87.997,92.891,57.937,116.650,84.740,94.407,65.642,59.948,83.795,80.806,93.000,109.066,80.847,83.315,97.992,85.633,109.126,73.850,79.639,67.908,90.344,73.529,105.760,85.575,78.586,87.641,76.970,83.496,96.088,76.913,97.156,98.623,100.830,76.815,70.484,64.720,79.551,65.658,92.738,105.764,86.001,90.032,74.692,101.726,80.337,62.195,66.800,119.707,79.262,114.521,97.051,91.678,67.839,121.871,120.465,71.227,100.403,79.439,99.128,75.480,105.934,90.311,105.717,98.196,102.085,76.827,90.413,87.625,78.881,113.606,102.805,107.159,83.516,88.184,99.990,76.814,94.771,70.086,78.324,110.142,111.876,64.240,81.577,109.786,99.636,107.352,71.225,93.568,83.717,104.630,78.368,102.260,88.001,94.336,47.721,120.779,90.196,83.774,80.972,92.054,89.718,70.808,97.040,93.830,88.374,105.601,86.363,84.294,102.545,105.160,99.765,120.547,71.703,88.205,128.796,73.283,94.325,113.891,90.334,92.049,80.537,75.480,56.570,84.485,83.926,71.004,97.441,75.607,108.876,81.497,139.733,88.923,94.228,64.545,68.394,98.694,75.382,94.511,108.256,126.098,67.752,80.254,74.560,85.621,103.926,102.735,81.654,87.404,86.412,85.358,95.977,83.134,93.554,95.142,72.880,112.503,101.490,86.519,84.832,93.384,133.440,76.187,116.673,100.689,98.590,116.804,84.146,89.214,92.090,101.775,96.433,106.207,95.684,99.829,96.165,88.995,82.328,97.483,107.460,97.997,73.627,84.399,97.789,95.837,70.280,87.186,94.825,89.206,82.598,85.393,98.309,87.955,73.365,91.212,91.387,52.977,87.733,103.507,76.999,87.194,93.908,74.644,115.666,87.032,86.300,67.797,69.811,90.160,82.706,82.227,85.116,72.651,78.353,96.654,98.919,85.477,83.603,81.339,111.644,59.270,79.932,63.814,76.123,75.678,80.842,103.767,75.515,93.870,80.323,89.415,74.626,98.940,100.883,89.783,99.285,71.001,82.427,82.465,82.367,54.786,105.852,82.480,74.680,70.487,95.574,112.799,65.716,66.636,88.876,81.173,89.905,97.424,95.053,79.831,80.962,100.046,84.730,122.549,107.527,81.272,86.522,65.581,97.475,56.827,82.475,91.686,81.038,104.543,64.362,110.155,103.333,93.628,78.931,95.370,94.726,108.286,102.216,81.443,88.405,75.052,93.349,96.183,84.029,99.298,101.855,81.080,94.341,98.725,87.596,85.528,72.957,102.281,102.844,95.857,115.864,84.570,97.017,112.526,92.284,90.596,76.659,90.674,90.360,98.316,75.047,89.856,91.460,86.320,95.374,97.514,72.316,92.819,130.022,93.323,69.564,100.223,92.292,76.374,61.263,106.315,80.604,93.053,76.563,62.843,92.798,93.469,103.711,86.351,77.873,72.567,88.382,70.631,79.970,78.422,84.151,92.806,103.586,82.597,81.430,89.800,88.327,86.549,
                       97.676,98.045,95.871,96.033,123.283,107.590,76.922,87.652,73.718,88.481,94.810,107.208,41.117,67.894,129.971,96.891,115.929,55.238,80.922,94.052,72.092,89.911,69.137,114.757,136.362,104.839,59.545,121.687,79.492,74.333,92.903,79.893,99.173,64.167,93.569,75.212,103.494,83.948,77.770,80.824,96.581,95.557,73.349,87.625,105.904,120.007,90.667,99.866,109.329,108.099,128.378,57.522,124.048,75.554,103.538,109.645,97.872,103.528,69.571,77.539,109.151,112.933,88.361,83.214,115.748,92.314,87.910,104.311,93.614,85.379,63.434,67.719,66.325,86.843,94.237,88.465,103.437,104.498,105.271,93.307,126.660,64.484,105.021,87.785,105.026,96.503,100.875,98.136,93.789,92.122,51.077,72.976,107.142,81.092,102.108,73.481,100.075,123.251,104.811,86.387,97.666,105.385,99.438,53.755,95.697,83.017,82.880,78.448,71.842,69.686,115.617,116.049,99.243,88.382,81.026,108.832,92.846,86.496,110.559,78.509,89.953,59.763,59.317,86.923,76.293,108.036,93.586,86.713,113.276,99.036,99.250,55.825,89.866,113.701,97.886,75.278,123.181,119.613,104.811,72.671,69.718,83.917,80.737,103.630,74.784,82.107,72.959,86.143,96.444,103.114,103.741,98.435,79.225,119.377,101.273,67.321,85.833,103.408,81.710,106.524,58.581,121.150,69.851,75.571,75.431,46.415,74.433,58.097,85.048,106.866,104.886,84.693,95.451,82.745,91.142,89.247,77.490,95.104,79.747,72.985,98.812,84.137,85.908,84.344,64.055,88.339,97.844,81.916,106.434,85.353,105.474,83.363,39.569,71.382,87.465,54.836,91.046,101.994,78.268,84.984,74.235,117.242,79.119,59.444,59.448,108.987,86.511,107.522,98.383,81.782,74.935,108.948,139.479,81.638,117.521,74.376,106.359,90.097,87.594,98.361,98.026,95.821,110.909,60.459,96.845,99.922,80.262,99.027,117.408,114.010,85.900,100.665,117.920,69.108,93.173,80.245,82.906,114.542,112.761,84.417,72.991,141.939,102.308,111.530,70.014,83.666,83.392,101.998,90.170,95.751,86.940,91.716,43.590,133.996,100.489,80.224,81.255,100.318,78.955,70.584,97.555,106.718,79.110,99.954,90.156,47.095,115.285,125.597,104.878,140.997,75.974,83.457,151.571,75.026,83.570,96.120,104.926,100.962,99.238,64.935,52.933,93.270,63.788,68.445,97.043,54.338,126.341,66.641,141.881,83.117,87.800,52.875,62.150,90.712,68.790,76.158,112.872,129.171,82.632,98.250,75.280,95.420,91.797,115.774,71.308,74.944,102.034,89.857,103.445,90.456,81.074,106.213,69.171,125.598,101.204,78.561,88.669,85.003,129.889,81.514,122.540,94.311,100.007,121.264,69.036,100.547,103.360,106.921,105.517,103.722,96.066,116.874,93.791,88.687,80.885,100.061,118.718,87.674,66.351,66.903,85.995,91.009,97.365,90.950,96.927,98.694,89.123,80.448,112.377,71.197,81.300,86.219,83.932,54.598,83.110,95.837,67.429,101.167,85.134,88.028,102.577,85.113,69.759,81.660,69.063,88.411,58.856,73.889,73.920,71.392,80.757,102.168,85.425,70.174,82.717,61.509,116.035,44.832,80.540,64.345,70.656,59.220,80.643,108.877,90.712,99.155,69.584,97.424,65.156,88.923,104.545,92.690,110.352,73.568,91.430,94.075,88.491,61.591,116.468,84.839,80.622,57.104,106.756,118.603,68.179,77.663,82.322,82.690,78.932,85.014,104.745,80.862,74.679,83.394,82.868,125.900,108.083,84.067,90.777,90.952,102.226,40.108,82.289,97.820,70.375,109.303,62.165,116.327,101.569,90.913,89.055,74.531,92.108,103.356,110.803,92.965,93.104,83.707,87.397,100.938,91.164,82.863,89.975,80.646,87.212,84.286,79.338,96.420,69.359,99.760,90.280,105.277,110.885,87.870,99.511,109.124,75.705,85.605,80.672,96.589,100.311,104.453,70.570,95.717,98.975,93.805,86.228,78.143,72.914,101.056,128.540,81.968,56.782,104.989,86.915,59.130,62.566,101.649,72.857,97.271,70.226,93.843,90.985,78.631,106.036,79.806,98.018,74.025,96.699,60.566,83.365,73.452,74.688,90.561,103.044,94.328,95.290,98.348,94.105,95.489
),.Dim=c(500,2))
