Ny <- 122
y <- structure(.Data=c(
  102.03,100.021,106.896,101.377,106.666,106.856,106.283,102.021,121.985,100.569,121.94,112.031,108.223,112.76,113.05,100.746,101.025,106.245,103.151,100.201,112.689,111.177,103.05,103.505,106.19,107.896,102.991,114.977,118.362,106.395,109.559,107.448,106.31,104.488,115.524,109.301,103.69,103.085,110.463,120.259,105.924,101.278,104.557,107.144,103.712,103.082,103.68,100.827,108.754,113.234,103.457,116.65,109.066,109.126,105.76,100.83,105.764,101.726,119.707,114.521,121.871,120.465,100.403,105.934,105.717,102.085,113.606,102.805,107.159,110.142,111.876,109.786,107.352,104.63,102.26,120.779,105.601,102.545,105.16,120.547,128.796,113.891,108.876,139.733,108.256,126.098,103.926,102.735,112.503,101.49,133.44,116.673,100.689,116.804,101.775,106.207,107.46,103.507,115.666,111.644,103.767,100.883,105.852,112.799,100.046,122.549,107.527,104.543,110.155,103.333,108.286,102.216,101.855,102.281,102.844,115.864,112.526,130.022,100.223,106.315,103.711,103.586,
  98.045,96.033,123.283,107.59,107.208,129.971,115.929,114.757,136.362,104.839,121.687,120.007,99.866,109.329,128.378,124.048,103.538,109.645,97.872,103.528,109.151,112.933,115.748,104.311,94.237,103.437,104.498,105.271,126.66,105.026,100.875,98.136,92.122,100.075,123.251,104.811,105.385,115.617,116.049,108.832,110.559,108.036,99.25,113.701,123.181,119.613,96.444,103.741,119.377,101.273,103.408,121.15,106.866,91.142,98.812,105.474,101.994,117.242,108.987,107.522,108.948,139.479,117.521,87.594,98.026,110.909,99.027,117.408,114.01,114.542,112.761,141.939,111.53,101.998,95.751,133.996,99.954,115.285,125.597,140.997,151.571,96.12,126.341,141.881,112.872,129.171,91.797,115.774,125.598,101.204,129.889,122.54,94.311,121.264,106.921,103.722,118.718,95.837,102.577,116.035,108.877,104.545,116.468,118.603,83.394,125.9,108.083,109.303,116.327,101.569,103.356,110.803,89.975,99.76,90.28,110.885,109.124,128.54,104.989,101.649,106.036,103.044
),.Dim=c(Ny,2))
Nx <- 378
x <- c(92.778,90.763,74.895,76.563,75.780,92.271,97.853,59.926,68.232,87.168,
       60.679,74.210,89.044,92.398,87.633,76.967,76.990,94.375,79.749,86.290,
       71.310,86.656,76.314,78.337,87.572,86.835,88.984,83.555,78.106,99.594,
       99.716,80.663,95.969,99.625,97.966,93.259,69.623,76.253,93.938,69.489,
       89.165,99.260,94.149,93.719,98.537,87.032,53.840,75.218,80.128,82.080,
       82.379,88.441,64.408,94.629,88.054,95.910,85.205,68.454,78.671,99.460,
       90.085,89.524,81.598,82.478,89.078,94.710,64.879,82.871,72.201,80.694,
       73.904,85.503,71.085,96.748,92.722,77.958,97.553,87.382,78.393,86.604,
       69.770,70.804,88.473,83.499,88.485,78.401,98.552,83.416,65.192,80.918,
       99.396,87.640,77.840,85.153,75.668,79.775,78.551,90.625,78.581,70.315,
       83.341,87.583,97.940,92.793,77.938,80.397,91.404,87.997,92.891,57.937,
       84.740,94.407,65.642,59.948,83.795,80.806,93.000,80.847,83.315,97.992,
       85.633,73.850,79.639,67.908,90.344,73.529,85.575,78.586,87.641,76.970,
       83.496,96.088,76.913,97.156,98.623,76.815,70.484,64.720,79.551,65.658,
       92.738,86.001,90.032,74.692,80.337,62.195,66.800,79.262,97.051,91.678,
       67.839,71.227,79.439,99.128,75.480,90.311,98.196,76.827,90.413,87.625,
       78.881,83.516,88.184,99.990,76.814,94.771,70.086,78.324,64.240,81.577,
       99.636,71.225,93.568,83.717,78.368,88.001,94.336,47.721,90.196,83.774,
       80.972,92.054,89.718,70.808,97.040,93.830,88.374,86.363,84.294,99.765,
       71.703,88.205,73.283,94.325,90.334,92.049,80.537,75.480,56.570,84.485,
       83.926,71.004,97.441,75.607,81.497,88.923,94.228,64.545,68.394,98.694,
       75.382,94.511,67.752,80.254,74.560,85.621,81.654,87.404,86.412,85.358,
       95.977,83.134,93.554,95.142,72.880,86.519,84.832,93.384,76.187,98.590,
       84.146,89.214,92.090,96.433,95.684,99.829,96.165,88.995,82.328,97.483,
       97.997,73.627,84.399,97.789,95.837,70.280,87.186,94.825,89.206,82.598,
       85.393,98.309,87.955,73.365,91.212,91.387,52.977,87.733,76.999,87.194,
       93.908,74.644,87.032,86.300,67.797,69.811,90.160,82.706,82.227,85.116,
       72.651,78.353,96.654,98.919,85.477,83.603,81.339,59.270,79.932,63.814,
       76.123,75.678,80.842,75.515,93.870,80.323,89.415,74.626,98.940,89.783,
       99.285,71.001,82.427,82.465,82.367,54.786,82.480,74.680,70.487,95.574,
       65.716,66.636,88.876,81.173,89.905,97.424,95.053,79.831,80.962,84.730,
       81.272,86.522,65.581,97.475,56.827,82.475,91.686,81.038,64.362,93.628,
       78.931,95.370,94.726,81.443,88.405,75.052,93.349,96.183,84.029,99.298,
       81.080,94.341,98.725,87.596,85.528,72.957,95.857,84.570,97.017,92.284,
       90.596,76.659,90.674,90.360,98.316,75.047,89.856,91.460,86.320,95.374,
       97.514,72.316,92.819,93.323,69.564,92.292,76.374,61.263,80.604,93.053,
       76.563,62.843,92.798,93.469,86.351,77.873,72.567,88.382,70.631,79.970,
       78.422,84.151,92.806,82.597,81.430,89.800,88.327,86.549)
