N<-30
x<-c(75,82,77,86,98,91,85,84,82,79,
     88,79,84,87,69,93,84,82,89,78,
     90,74,75,84,89,81,74,79,82,84)