S<-15
R<-4
Score<-matrix(c(
  3,6,7,0,
  10,10,8,8,
  10,9,10,9,
  1,2,4,2,
  8,8,8,14,
  10,9,9,11,
  5,4,8,5,
  7,5,9,6,
  5,6,4,5,
  2,3,5,5,
  10,5,5,7,
  4,4,3,3,
  5,5,3,5,
  6,6,8,10,
  14,9,14,9),
  15,4,byrow=T)