N <- 20
x <- structure(.Data=c(
  775, 779, 799, 794, 770, 790, 775,  
  778, 808, 802, 776, 775, 799, 787,
  825, 785, 775, 762, 782, 788)
)