N <- 20
y <- structure(.Data=c(
  3.844, 4.035, 3.986, 4.030, 3.932, 4.040, 3.788, 3.896, 3.929, 4.072,
  3.477, 3.882, 3.895, 3.908, 3.945, 3.980, 4.028, 4.137, 3.930, 4.016)
)
