N <- 30
x <- c(1320, 230, 420, 320, 530, 100, 740, 750, 1110, 230,
       800, 540, 230, 280, 1110, 430, 730, 230, 120, 200,
       370, 170, 530, 140, 660, 440, 650, 110, 690, 450)