N<-6
x <- c(19, 34, 11, 26, 22, 30)