x<-c(5,1,18,5,1,8,8,2,14,12)
N<-10
