N<-10
x<-c( 189.9,71.3,243.1,94.1,204.9,122.0,163.0,467.1,41.8,36.4)
