N <- 40
x <- structure(.Data=c(
  145.55, 145.41, 144.26, 145.05, 145.84, 145.06, 145.19, 145.30, 144.47,
  144.84, 145.18, 145.00, 144.95, 144.88, 145.25, 145.38, 145.28, 144.66,
  145.26, 144.47, 145.24, 144.29, 145.21, 144.77, 145.51, 144.33, 144.47,
  144.90, 144.76, 145.46, 145.04, 144.98, 145.41, 145.45, 144.83, 144.71,
  144.65, 144.21, 145.10, 145.10)
)