S<-9
R<-7
Score<-matrix(c(
  81,85,88,87,85,88,80,
  86,87,88,89,87,90,79,
  91,96,93,91,88,91,94,
  87,90,89,89,87,93,92,
  92,88,90,90,88,91,87,
  96,96,98,97,90,95,96,
  87,86,89,90,90,90,88,
  88,89,87,89,89,92,95,
  97,97,94,91,95,98,96
),
9,7,byrow=T)