N<-c(1123,1200)
n<-structure(.Data=c(106,1017,46,1154),.Dim=c(2,2))