N <- 20
x <- structure(
  .Data = c(6,11,10,13,17,10,10,7,9,1,14,7,7,11,12,12,14,12,7,13,
            7,11,14,13,16,12,8,15,12,3,17,11,9,11,14,12,11,15,11,17),
  .Dim=c(20,2))
