N <- 12
x <- structure(.Data=c(
  76230, 73550, 80750, 71500, 75420, 74840,
  71580, 76920, 68450, 76990, 64070, 76200)
)