N<-20
x<-c(128.27, 130.00, 130.68, 128.82, 130.08, 129.24,
     129.82, 131.76, 128.19, 131.01, 128.81, 131.53, 129.36,
     130.82, 130.89, 130.35, 130.18,131.00, 131.03, 128.84)
