N <- 200
xA <- structure(.Data=c(
  11,6,10,8,10,14,5,9,15,10,8,8,14,10,11,8,12,11,12,9,6,10,12,11,8,10,8,9,7,5,8,10,14,15,5,11,5,7,5,11,10,9,14,11,10,11,13,10,15,15,15,5,8,16,6,11,9,10,9,16,13,9,10,17,8,7,14,9,9,12,7,17,15,13,9,10,11,5,4,9,11,11,3,12,14,12,9,8,9,12,9,13,15,11,14,11,7,15,13,11,10,14,2,11,14,12,12,9,11,10,13,12,8,6,10,11,10,11,13,9,9,12,13,9,12,11,11,13,13,10,17,8,11,8,9,13,6,17,9,14,11,10,7,13,13,8,9,9,7,9,8,11,14,9,8,10,8,8,2,8,5,9,10,8,17,7,11,8,10,7,8,12,9,11,6,11,5,12,9,7,14,9,10,7,5,12,6,11,10,9,6,7,11,4,12,9,14,9,4,12,
  12,10,12,10,10,14,9,11,14,9,9,9,13,13,13,10,13,10,13,11,10,11,10,12,9,8,10,11,12,8,11,6,9,12,9,15,10,11,10,15,12,11,12,12,13,10,13,9,14,13,14,6,11,14,8,10,9,8,10,12,12,8,13,15,9,9,13,13,7,14,5,14,13,12,13,12,12,10,8,12,12,13,9,11,10,13,13,11,10,10,8,13,13,9,12,14,7,14,11,10,13,15,9,10,14,11,11,11,12,10,12,15,13,12,13,11,10,11,14,11,9,14,15,9,9,10,13,13,15,14,14,9,11,11,11,13,10,13,9,13,11,13,10,12,13,8,9,12,11,10,12,13,12,11,11,12,9,11,9,9,11,9,10,11,13,10,12,8,9,9,12,10,12,9,10,12,8,11,9,9,13,9,10,10,9,11,8,13,9,12,10,9,9,6,12,10,12,8,10,12
),.Dim=c(N,2))
xB <- structure(.Data=c(
  16,12,13,15,10,16,10,12,12,16,15,15,14,13,9,12,10,10,16,15,12,15,13,15,12,15,11,14,17,13,9,14,13,14,8,10,8,10,12,12,17,11,10,12,7,11,8,13,10,7,7,11,13,11,12,9,16,10,8,10,10,10,12,15,9,9,13,10,15,12,15,14,12,13,11,13,13,12,15,10,13,8,13,9,10,16,11,13,12,15,16,12,12,11,11,13,16,12,10,14,10,14,14,16,10,12,15,9,16,13,10,12,7,11,12,12,9,6,9,10,16,10,10,16,11,9,13,16,17,14,12,8,11,9,11,13,12,11,10,12,13,14,12,16,16,9,12,13,11,15,11,10,12,8,11,9,9,14,14,12,14,13,9,12,10,14,15,14,12,8,6,11,11,9,12,14,10,9,12,13,7,13,8,14,12,12,12,13,12,10,10,13,17,11,13,13,8,13,17,13,
  14,12,15,13,11,17,11,13,13,14,14,12,14,15,11,13,14,12,16,17,13,16,17,16,15,15,13,11,17,15,14,15,14,14,8,12,11,12,14,12,16,11,9,13,10,13,10,14,12,11,8,14,14,14,12,11,16,12,9,13,10,12,15,16,10,11,13,11,13,10,15,11,10,15,13,13,13,15,16,9,17,9,12,12,12,15,17,12,15,14,14,15,13,13,11,15,14,12,13,14,13,12,13,16,11,12,15,13,14,14,11,11,12,13,16,12,10,8,10,13,15,9,12,15,13,12,12,13,16,14,12,11,10,10,14,14,13,12,12,14,13,14,13,14,14,12,15,12,13,15,12,12,12,11,14,12,11,16,15,12,16,13,11,14,11,12,14,15,14,10,8,13,15,11,14,13,13,12,12,16,11,14,10,13,15,12,14,14,15,14,12,13,17,13,13,14,10,13,19,13
),.Dim=c(N,2))
