N<-10
x<-c( 1 ,0 ,0 ,3 ,0 ,0, 0, 0 ,0 ,1)

