N<-c(200,200)
n<-structure(.Data=c(128,72,97,103),.Dim=c(2,2))