N<-10
xn<-c(0,1,1,1,0,0,0,0,0,2)
xm<-c(0,0,1,0,0,0,0,0,0,2)