N<-7
x <- c(3, 7, 7, 2, 3, 1, 5)