N <- 165
x <- structure(.Data=c(14,8,15,15,8,11,7,13,5,14,13,10,18,12,11,19,15,9,11,10,3,13,9,7,6,16,14,14,10,9,6,9,13,16,20,16,19,5,14,15,13,11,17,5,11,8,15,2,16,12,14,8,16,15,7,19,11,13,3,7,14,6,9,11,7,10,23,12,12,16,17,20,14,13,12,15,5,14,7,13,12,18,12,19,18,11,12,16,10,9,7,13,12,11,12,9,8,11,21,14,17,8,14,9,14,15,12,8,16,14,16,14,13,10,11,7,11,5,19,10,8,9,10,13,11,15,14,6,14,12,12,11,16,21,10,10,10,9,10,17,8,8,10,13,12,14,13,14,24,17,12,10,13,14,7,19,13,9,13,13,8,11,5,11,14,
                       12,8,23,13,8,11,11,13,13,15,16,15,18,9,20,12,19,10,17,12,11,10,16,16,7,9,16,14,14,11,10,12,18,16,17,13,14,1,12,15,12,5,14,13,14,16,15,3,17,9,11,15,16,20,4,11,11,17,8,15,8,15,7,13,8,7,17,12,13,14,15,21,14,15,13,12,9,16,12,8,17,12,11,14,10,18,11,15,10,11,14,20,9,6,8,5,16,13,19,13,22,9,13,8,12,25,16,17,16,13,11,13,14,17,14,9,15,10,19,7,12,10,17,11,8,18,11,10,9,5,16,13,21,14,16,16,15,13,20,11,7,11,7,13,16,12,17,17,22,14,16,9,16,12,13,14,15,12,15,16,11,9,5,12,11,
                       19,8,25,21,12,12,13,16,15,20,19,17,20,13,23,20,22,15,21,14,12,16,15,19,14,21,17,21,17,12,13,18,20,20,20,15,20,5,15,20,15,16,18,14,16,13,18,9,22,15,15,12,21,21,9,15,13,20,9,16,14,17,12,18,8,10,24,18,16,23,20,19,15,16,18,17,5,12,14,13,19,16,15,18,18,15,18,17,17,13,15,18,17,12,16,11,17,17,24,19,22,9,15,14,16,27,17,17,21,15,10,17,13,18,16,8,14,11,19,11,10,12,17,11,16,21,14,16,17,10,18,15,25,21,19,18,18,13,24,14,13,15,12,12,19,14,18,19,25,19,15,12,16,16,17,18,13,13,15,16,14,12,8,11,17
),.Dim=c(165,3))
