x1<-c(0, 2, 0, 0, 0, 0, 0, 0, 0, 0, 0, 1, 0, 0, 0, 0, 0, 
      1, 0, 0, 0, 0, 0, 1, 0, 0, 0, 0 ,0 ,1)#A島での観測記録
x2<-c(0, 3, 0, 0, 0, 1, 1, 1, 0, 0, 1, 1, 0, 1, 0, 1, 1, 
      3, 0, 0, 0, 1, 0, 1, 0, 0, 1, 0, 0, 2)#B島での観測記録
N<-30 #観測日数
