N <- 20
x <- structure(
  .Data = c(
    53.1,51.5,45.5,55.5,49.6,50.1,59.2,54.7,53.0,48.6,55.3,54.6,51.7,48.6,56.4,58.9,53.3,42.4,51.9,39.1,
    51.3,48.2,49.6,59.6,44.2,47.6,54.9,56.5,48.4,50.6,53.6,57.5,52.0,46.9,56.8,50.0,53.8,38.3,52.6,41.0),
  .Dim=c(20,2))


