N<-20
x <- c(0,0,0,1,0,1,1,0,0,0,0,0,0,0,1,0,0,0,1,0)